
[1, 2, 3, 4, 5, 6, 7, 8]
BEST fitness: 27.980719542919367
Enemylife: 5.493363611356713
Playerlife: -6.9098039833412255


[1, 2, 3, 4, 5, 6, 7, 8]
BEST fitness: 32.2650507233983
Enemylife: 2.1611781858498915
Playerlife: -7.1247177402221205


[1, 2, 3, 4, 5, 6, 7, 8]
BEST fitness: 23.328457454516286
Enemylife: 19.803444924164978
Playerlife: -5.513266892066431


[1, 2, 3, 4, 5, 6, 7, 8]
BEST fitness: 22.16540109027186
Enemylife: 3.486643944797109
Playerlife: -9.883380442289035


[1, 2, 3, 4, 5, 6, 7, 8]
BEST fitness: 39.82536028378226
Enemylife: -2.200674365033368
Playerlife: -9.20969227992703


[1, 2, 3, 4, 5, 6, 7, 8]
BEST fitness: 31.191537652895676
Enemylife: 7.799325634966632
Playerlife: -7.213471959331766


[1, 2, 3, 4, 5, 6, 7, 8]
BEST fitness: 34.320374746495204
Enemylife: 4.504902432036076
Playerlife: -6.6204993518133275


[1, 2, 3, 4, 5, 6, 7, 8]
BEST fitness: 26.92235985435326
Enemylife: 9.353206510812484
Playerlife: -11.878412070502346


[1, 2, 3, 4, 5, 6, 7, 8]
BEST fitness: 23.305148099525486
Enemylife: 5.050040064128286
Playerlife: -15.282028928141742


[1, 2, 3, 4, 5, 6, 7, 8]
BEST fitness: 24.892576075225257
Enemylife: 1.3704153825284564
Playerlife: -8.65675435720258


[1, 2, 3, 4, 5, 6, 7, 8]
BEST fitness: 22.470752467122285
Enemylife: 8.985297750523355
Playerlife: -4.221835337589585

