1.000000000000000000e+00
-2.923332667202448998e-01
-4.281760630479092278e-01
1.000000000000000000e+00
-2.294559290368042292e-01
9.263427951567829721e-01
-3.771328024624412967e-01
2.755686973763077363e-01
3.852941740811685611e-01
2.299285406665703968e-01
2.953155245288049957e-01
3.044106732421510975e-01
1.977696191765888623e-01
6.450309129798840191e-01
-1.000000000000000000e+00
2.980035316016600433e-01
1.786743532032094017e-01
2.886927379179435316e-01
-5.015359634996232607e-01
-4.394267502061357522e-01
-6.628403517690868441e-01
3.498412675736423116e-02
-7.071804674954867975e-01
-7.095719679116423428e-01
6.835954735781776259e-01
-8.167507942252690833e-01
9.889688003966708163e-02
-4.780712859705189555e-01
-6.229605621298999196e-01
-1.103120557915058114e-01
-2.748435563482848898e-01
-5.529337351231856656e-01
-8.027444933997689436e-01
-1.666423521344887471e-01
-1.000000000000000000e+00
-4.606019827203016170e-01
1.458389950980463756e-01
-7.071466166916332563e-01
-6.610556960850733077e-01
-6.377374297763607203e-01
2.370035877681655467e-01
-4.817505122898417813e-01
-7.289322726760800730e-01
-2.987626991373537044e-01
6.484627088922980676e-01
8.845854180445581472e-01
-1.000000000000000000e+00
-6.088983481406314846e-01
9.516356381142356824e-01
-1.013737412962368023e-01
-1.665712954278343247e-02
6.186188450815091056e-01
-4.884611385962048802e-01
-4.767381586694805495e-01
-6.918901626520488346e-01
-2.666523397382280502e-01
1.000000000000000000e+00
-3.695014313529866312e-01
6.173001466420353633e-01
8.818402645528350403e-01
-1.000000000000000000e+00
-5.214246656925144441e-01
-1.000000000000000000e+00
-1.070881303094264880e-01
8.809732122742204297e-01
-2.422149543866395083e-01
-6.053875725216409931e-01
6.328454361106307102e-01
1.316784477656161578e-01
3.264801035008252916e-01
3.027684271077958900e-01
6.166128474545281568e-01
-8.969013172976050274e-01
-6.860831272377072680e-03
1.084583624818158676e-01
1.000000000000000000e+00
-7.215344396019461592e-02
-9.118091077386325516e-01
-6.481489445029912089e-01
-1.144743337228778801e-01
3.983228223425541170e-01
5.289665140844823643e-01
-1.072982641222833128e-01
-1.057457979838138662e-01
-8.593335388198415359e-01
3.680256879730176012e-02
9.390425781629200275e-01
-2.636895878781089775e-01
3.714963958034880331e-01
-3.488235517428857069e-01
2.257406259708828467e-01
1.938309982809459930e-01
4.216333755483633872e-01
1.000000000000000000e+00
8.569495328023261083e-01
-3.881312267180486719e-01
-8.388022996068200676e-01
1.000000000000000000e+00
-7.623359110688252005e-02
-6.592421547779615809e-02
1.000000000000000000e+00
-7.474251735167307675e-01
5.354781072239884754e-01
1.772754006846213315e-01
-7.273792817430756452e-01
2.586328616331199370e-01
-7.940060945602644971e-01
1.000000000000000000e+00
-3.337517618279954856e-01
7.232596314115856684e-01
2.015654583316515980e-01
-3.578333326103224077e-01
5.286734402861238413e-01
1.114795804601095841e-03
-2.675243341576862277e-01
-4.163049078005222059e-01
1.113765749935662075e-01
-5.960487161730172456e-01
-5.145435315214084149e-01
-5.671532918094691900e-02
-4.280453282367766565e-01
6.802404997476603210e-01
-2.544091278027707514e-01
3.316937313079327820e-01
-5.464287182811990995e-01
-2.673103724495644040e-01
-8.285460851638942747e-01
5.197558022796189281e-02
3.029112798486607305e-01
3.976124800125562797e-01
-2.552335335257356896e-01
6.220581308898981421e-01
-7.925191210801680874e-01
4.610889135299753860e-01
-6.512089929639165442e-01
2.371012973839169979e-01
3.544282027587978834e-01
-7.113222889972233842e-01
-5.472670160381628568e-01
-1.811764997884706685e-01
-1.000000000000000000e+00
4.926766476210268086e-01
3.547821653188098501e-01
-5.514807955025879949e-01
5.885493895913290752e-02
-4.589561517888200992e-01
-6.473750583070283504e-01
5.007976855276708994e-01
8.003938282910494362e-01
1.000000000000000000e+00
-3.074967577070060742e-01
-2.479498221427439142e-01
1.727875331322357988e-01
7.874548185491541119e-01
-7.395213106917502000e-01
7.252266945624443739e-01
-1.000000000000000000e+00
2.241041864569701669e-01
-2.138706981264708595e-01
7.900876087259542935e-01
3.403163178383455389e-01
3.967140267772710505e-02
-9.227584443547377502e-01
1.540146602949058752e-01
-6.923706075738912391e-01
-2.507352671322825299e-02
-2.696449401773796245e-02
-4.126427875212920204e-01
5.575056479566410372e-01
-2.330570110702740172e-01
-5.219432309164391270e-01
-3.088991080201656803e-01
-6.700700962916430470e-01
-1.743159525155719147e-01
7.510048010944292418e-01
-5.863490003852768195e-01
-4.946249909061666283e-01
2.813735116287350846e-01
-3.595481400565263552e-01
-7.684094519485524799e-01
7.408453767686966618e-01
-6.307765529642328506e-01
1.394921861564757948e-01
1.082287682243458782e-01
4.217820085042121581e-01
-1.000000000000000000e+00
8.696807969783806880e-02
8.986548386618785633e-01
-2.749709050279099953e-01
-7.564310595599430531e-01
4.235639975158889126e-01
-1.000000000000000000e+00
9.996166166656483831e-01
-2.565567934342626311e-01
-1.000000000000000000e+00
-4.294768258247825821e-01
-8.257193168572243280e-01
8.547545157740200628e-01
-6.301703975955461612e-01
4.628888857273111279e-01
-7.249422364445001765e-02
-3.173074301576709888e-01
5.508583958218860044e-01
-1.000000000000000000e+00
-1.922555723469671629e-01
6.509932248768383056e-01
2.630857329926847843e-01
4.864666997385364011e-01
8.883746806954891939e-01
-8.059802427070895670e-01
-5.813407026077228867e-02
-2.669920946821267571e-01
-4.292867147645776371e-01
2.124224612062505235e-01
-4.155604770005596471e-01
-3.423729383543472338e-01
-2.232320100816467534e-01
6.522234062693003098e-01
4.834859056744561512e-01
4.963522236301968760e-01
8.851918904515982955e-01
-4.414414670937369944e-01
1.312517811556756508e-01
4.958841361203065734e-01
8.523335586154495713e-01
-3.069207039673014226e-01
-7.589792786173571448e-01
-3.457949250702707089e-01
1.394939761857497407e-01
-2.369145422912770638e-01
-4.835399591311194678e-01
-5.415365454817525626e-01
-2.832733501290307099e-01
2.784693580526823586e-01
6.845178123038678786e-01
-1.000000000000000000e+00
-1.573727010633069190e-01
-6.225807392237885374e-01
5.282299895695657943e-01
1.375285528887767311e-02
1.000000000000000000e+00
-8.386885659321244857e-01
-1.000000000000000000e+00
-3.176480422497672540e-02
6.317602722789242842e-01
7.529868177045987432e-01
-2.479650443252362502e-01
-3.004702385160135658e-01
5.409959464285228892e-01
-7.621884746879242778e-01
-5.423558064616209595e-01
5.591936726520243539e-01
8.137164896292383709e-01
-6.287288196788858308e-01
-6.039518084231496609e-01
-6.397566686380022905e-01
5.178241989194296013e-02
3.256112482432650390e-01
-3.520548938086139334e-01
-3.578190926174471542e-01
6.895556821198161046e-01
-6.100404003146002729e-01
5.819565942738011977e-01
6.692808299059377353e-01
-1.000000000000000000e+00
