11-10 12:04 
Max: [-5.252273428046628, -5.252273428046628]
Mean: [-5.692828738886945, -5.524165589406]
Gains:[-100.0, -90.0, 0.0, 0.0]
Enemylife:[100.0, 90.0, 0.0, 0.0]
Playerlife:[0.0, 0.0, 0.0, 0.0]
11-10 12:04 
Max: [-5.252273428046628, -5.252273428046628]
Mean: [-5.692828738886945, -5.524165589406]
Enemylife:0.0
Playerlife:0.0
11-10 12:05 
Max: [-5.783825182329737, 12.870101285076927]
Mean: [-5.820122923706153, -1.0403452211520392]
Gains:[-100.0, -100.0, -90.0, -50.0]
Enemylife:[100.0, 100.0, 90.0, 50.0]
Playerlife:[0.0, 0.0, 0.0, 0.0]
11-10 12:05 
Best fitness: 12.870101285076927
Enemylife:50.0
Playerlife:0.0
11-10 12:26 
Max: [2.633875411467873, 2.659016941960548]
Mean: [-4.208012326188757, -3.81341910906257]
Gains:[-100.0, -100.0, -100.0, -37.42153040630267]
Enemylife:[100.0, 100.0, 100.0, 31.908263514236243]
Playerlife:[0.0, 0.0, 0.0, -5.513266892066431]
11-10 12:26 
Best fitness: 2.4359300819031553
Enemylife:31.908263514236243
Playerlife:-8.599050600312545
11-10 12:31 
Max: [2.3141240087415085, 2.4890936736298244]
Mean: [-4.213961004810294, -1.855022667556745]
Gains:[-110.32708947693037, -108.35218790365286, -40.50731411454879, -38.16211849628174]
Enemylife:[100.0, 100.0, 31.908263514236243, 31.908263514236243]
Playerlife:[-10.327089476930372, -8.352187903652855, -8.599050600312545, -6.253854982045498]
11-10 12:31 
Best fitness: 2.472056765517344
Enemylife:31.908263514236243
Playerlife:-6.500717678705188
11-10 12:59 
Max: [30.79117954607763, 30.79117954607763, 37.5813647334072, 44.83194315853154, 44.83194315853154, 44.83194315853154, 44.83194315853154, 44.83194315853154, 44.83194315853154, 51.404662446229324, 51.404662446229324, 51.404662446229324, 51.404662446229324, 51.404662446229324, 51.404662446229324, 51.404662446229324]
Mean: [-0.2135255683842429, 2.902063272256794, 9.378558166339555, 20.863668558566797, 26.08884506900721, 28.416606461560754, 27.585444883999497, 29.788472573991594, 33.83175297059256, 34.58559383500762, 33.12906361528357, 34.50611279763394, 37.034983654262994, 38.11033327720771, 39.99057143614428, 40.98778642069685]
Gains:[9.664983122038878, -14.56210937702491, -1.3892242369867014, -9.730412960720233, 1.8087900803777859, -3.8898561564316627, 0.49789949503127984, 0.49789949503127984, 0.49789949503127984, -5.0507802560224615]
Enemylife:[4.65891577652458, 0.5607971122405111, 0.5607971122405111, 1.7222840881737262, 2.785286656770076, 2.785286656770076, -1.6024689946928667, -1.6024689946928667, -1.6024689946928667, 3.6700683814454784]
Playerlife:[-10.493410246785078, -0.8284271247461903, -8.008128872546507, -1.104569499661587, -1.104569499661587, -1.104569499661587, -1.104569499661587, -1.104569499661587, -1.104569499661587, -1.3807118745769826]
11-10 14:11 
Max: [57.03642065638155, 57.03642065638155, 66.17399989261955, 66.17399989261955, 66.17399989261955, 66.17399989261955, 75.31302464366019, 75.31302464366019, 75.31302464366019, 75.31302464366019, 75.31302464366019, 75.31302464366019, 75.31302464366019]
Mean: [0.8928868265234963, 16.149925842746505, 49.30240236496375, 56.190607374335926, 61.59275004677001, 63.39224931313296, 64.31018256058583, 64.33412720170801, 59.826791217167326, 49.98940718093516, 56.2667881468562, 61.62445587430538, 59.83808462304294]
Gains:[-40.0, -20.0, 0.0, 0.0, 0.0, 0.0, 0.0, 0.0, 0.0, 0.0]
Enemylife:[40.0, 20.0, 0.0, 0.0, 0.0, 0.0, 0.0, 0.0, 0.0, 0.0]
Playerlife:[0.0, 0.0, 0.0, 0.0, 0.0, 0.0, 0.0, 0.0, 0.0, 0.0]
