27-09 12:10 Max: [21.667281206734632, 22.20420945440326, 21.912403664767616, 39.615504937210915, 30.785064242391016, 39.90624979919324] Mean: [-1.2713110227420656, 12.090097717407891, 13.22705422516826, 22.20821790952676, 19.709839535346305, 19.77253742688282]
27-09 12:27 Max: [21.17399989261955, 56.77346333071253, 56.77346333071253, 85.61173587691741, 85.61173587691741, 85.83879267830493, 74.78339389891514] Mean: [-0.24876621918264563, 8.888668530768253, 19.337747352165355, 24.868272708368835, 31.80541741866524, 42.69897786232726, 50.597830483923175]
27-09 12:39 Max: [12.65289246928253, 30.17399989261955, 65.86877351051686, 56.77346333071253, 56.77346333071253, 56.77346333071253, 75.36878821817864] Mean: [-3.0568569704266935, 9.212271335140887, 11.537226342025791, 20.20160388908689, 19.734006527378135, 20.578851626672613, 33.78468651997172]
29-09 11:49 Max: [4.299519634207583, 21.648141866523932, 21.667281206734632] Mean: [-0.7676455514275107, 12.730378030341589, 7.916235234836014]
29-09 11:50 Max: [4.31786877287578, -5.834810737062605, 4.31786877287578] Mean: [-0.7584709820934123, -5.8728036905515655, -0.6929568508902104]
29-09 11:55 Max: [21.17399989261955, 21.17399989261955, 21.17399989261955, 21.179917069647637, 30.924826184766175] Mean: [-1.4455669289627238, 3.3561215457470563, 9.742876142969632, 21.1749860887909, 22.80061909921353]
29-09 12:04 Max: [21.686794020958214, 48.185869468174936, 39.46266573298146, 56.884107874516964, 65.88853266049732, 57.47853908213776, 48.1888590070233] Mean: [-0.9863652738291488, 19.60660174113045, 19.268429827781016, 20.28470198949413, 43.46233755451924, 27.188096168722037, 23.646816711120163]
29-09 12:24 Max: [21.17399989261955, 56.77346333071253, 56.77346333071253, 56.77346333071253, 56.884107874516964, 56.884107874516964, 74.77742373192864, 74.77742373192864] Mean: [2.388515290785051, 25.037110597410297, 25.037110597410297, 25.037110597410297, 29.13652258762288, 29.13652258762288, 30.153960934541225, 30.153960934541225]
29-09 12:44 Max: [56.77346333071253, 56.77346333071253, 56.77346333071253, 65.77742373192864, 65.77742373192864, 74.88190280195865, 84.4117358769174, 87.98939992297535, 87.98939992297535] Mean: [0.24634809084027798, 0.24634809084027798, 0.24634809084027798, 22.12120551041944, 22.12120551041944, 35.3324826507526, 39.19495280882, 46.86812205932126, 46.86812205932126]
29-09 13:13 Max: [56.77346333071253, 56.77346333071253, 65.77346333071253, 65.77346333071253, 65.77346333071253, 65.77346333071253, 74.73660173740838, 74.73660173740838, 74.73660173740838, 74.73660173740838] Mean: [1.259764845522176, 1.259764845522176, 20.166749349654456, 20.166749349654456, 20.166749349654456, 20.166749349654456, 23.13877071026218, 23.13877071026218, 23.13877071026218, 23.13877071026218]
29-09 13:44 Max: [39.17399989261955, 57.182888840036796, 65.78139988030827, 65.78139988030827, 83.99342407327508, 85.13921377653413, 86.16755198344948, 86.16755198344948, 86.72926227199751, 86.72926227199751] Mean: [9.623306280524877, 17.62300893167883, 30.797723890218947, 30.797723890218947, 31.918085759884406, 32.73634819137761, 49.99086475006102, 49.99086475006102, 41.24056236374789, 41.24056236374789]
29-09 14:32 Max: [12.17399989261955, 56.77346333071253, 74.76951855242152, 65.77544157072464, 65.77544157072464, 83.74233241211736, 85.78939992297535, 85.78939992297535, 85.78939992297535, 85.78939992297535] Mean: [-4.623470138462355, 7.8792110260907435, 22.5243946916466, 40.20872980829047, 40.20872980829047, 44.64181887094105, 46.743045526462495, 46.743045526462495, 46.743045526462495, 46.743045526462495]
29-09 15:25 Max: [21.213102618633293, 65.70473399856036, 84.4137913760995, 84.4137913760995, 90.42619038813075, 90.42619038813075, 90.42619038813075, 90.42619038813075, 90.42619038813075, 90.42619038813075] Mean: [1.913538695490155, 16.204039301121004, 25.297842711461843, 25.297842711461843, 42.601451196432706, 42.601451196432706, 42.601451196432706, 42.601451196432706, 42.601451196432706, 42.601451196432706]
