-0.9138411188853182
0.3807267033644526
-0.7343360793304621
-0.3863401419989909
-0.3124673416844854
0.5404421566507633
-0.03810093414921023
0.8632108241558032
0.8820657860364121
0.36193652584173863
-0.4317395341688339
0.4458047091861195
-0.4811628013360221
-0.8250821116645257
-0.628116368059584
-0.48782315722948244
-0.38142875648932906
-0.6575382502027303
-0.5859668596081951
-0.3033480272500617
0.8926461907709311
0.5950569447365954
-0.3062086705295044
-0.6816829068784891
-0.1070299528993528
-0.503721077423894
0.9770231496584596
0.5562288281537733
-0.5472391670385948
-0.8397665056014381
-0.04173176431801706
0.8833988113515951
0.49880331249791454
-0.15094027841493274
-0.6210417449245793
0.3548482806734967
-0.24505276839743306
0.8226238893776838
-0.8191172749878692
0.5273549515274281
0.9239513058042066
0.893184341559381
-0.7691589747644594
0.5232612749361325
0.15143822729237844
-0.7009429901215534
-0.4967190152085732
0.7513243726390741
0.011977555660380501
-0.8312367900213566
-0.5432220777273227
-0.724177398431765
-0.5921136280440642
-0.8284547493063166
0.04613644806005057
0.1659071525449003
0.7701512861857882
0.0838263725721986
-0.6703270796594027
-0.8501219921007153
0.6971258543090955
-0.11228210079568979
-0.933965785643972
0.6498478858694534
-0.2037998454441874
-0.6645753377011345
-0.3876041548844198
0.829642530730134
-0.0006903249010359325
-0.9163177966133287
-0.7134545220432076
0.3737188591736367
-0.39782965361603884
0.9130201304373902
-0.7042890548095049
0.5269408121617087
-0.049374281050752256
-0.014789621072861081
-0.7309791421725358
0.8426104897828561
-0.5764290976313313
0.021500705810737264
0.26988589780939987
-0.7890540626500904
-0.7991534323320422
-0.4443694026241809
0.7438375938845538
-0.22205654654043583
-0.3856077128525972
0.722533809061678
0.4725784152374901
-0.7340422603015293
-0.3351421621507169
-0.7128540187554022
0.329634013207879
0.468532035171761
-0.6707235415192907
0.18558633916803857
-0.37057824761550595
-0.5451539387665654
0.3480757025863481
-0.10449721591673367
-0.2827045034635274
0.8639054303420595
-0.97798369672444
-0.6007170698405242
-0.6048204029000515
0.9851667780156312
-0.4522344105952083
0.05470762472542501
-0.12370352507841154
-0.06226605080954384
-0.6255093081038294
0.5357462760310474
-0.07121548034878522
-0.721842231246179
-0.1474872825917497
-0.3725539459934193
-0.8009802970370066
0.5797076325653439
-0.5122785723885184
-0.043771671926353006
-0.523101368023704
0.133273683665738
0.5818716386935254
-0.9056319276170623
-0.671189807135492
-0.04560826655544403
-0.05263592174755294
-0.39388644564162156
0.4931975368024535
0.9221934558719103
-0.12527841889108093
-0.983166225465347
-0.35465159191349627
-0.5274504906898383
-0.37467140556351364
-0.18845855512176346
-0.7335934442814187
-0.27950097913045613
0.2924941457751211
0.7077883950558426
0.9491912605683697
-0.3866255576503983
-0.6102665161696772
0.2162880086839314
0.3863368901232629
0.8043893675470308
-0.9567759468233918
0.7028592820740098
0.7733144561662053
0.33140614478245745
-0.33715159682094087
-0.9715049517622742
0.4301829872182543
-0.4307083547693047
0.8949277946197212
0.004761392659753616
-0.15532411236213872
0.9100379381559667
0.987941321887539
-0.0696477149627781
0.9216867416802261
0.5011411142744018
0.08848300404167331
-0.8008654021222621
-0.8516188687745991
0.46846644175046404
0.892615564140093
0.34735334017835506
0.3378850515548901
-0.453163156411323
0.32780619258802757
-0.9151579362214219
0.7702962490453338
0.9550206810999917
-0.14308319780490075
-0.042706383161934314
-0.17368215325834346
-0.7567323683936231
-0.7396293957259605
-0.5840022493995376
-0.44696645384297184
0.5318516265294819
0.9947243817995159
-0.06238854942360983
0.046443308784990034
0.8554228187056165
-0.09104070846720536
-0.5946327192886929
-0.4385015266014227
0.9134905701004394
0.6031843874127432
0.7637167766906781
0.4107986874819922
0.9579588923542621
-0.3076511478082917
0.4741311710095768
0.012290478242155123
0.5420952811712387
0.23426346750269178
0.9166748291877367
0.28041823290758283
-0.20731543138314001
0.43015628009501894
0.27017471002365534
-0.7503852131601172
-0.3523132537132234
0.024775510764094566
0.9925940041025987
-0.5059718995556992
0.7688319539916284
-0.41266730147468134
0.44239344441342676
-0.6385450758195388
-0.1631825175905004
0.6461082692266855
-0.9962841548227119
0.3670803682393169
0.7768107797061448
-0.9613283629191232
-0.921929798818657
0.8181211422535157
0.27387417095727806
-0.9891990158824737
-0.04561578131772248
0.26318775383648774
-0.11700700091809701
0.8238303111522176
0.06472713828138921
-0.20740332993690602
-0.31398892567921743
0.4460069447689381
0.7515593601484567
0.8505586005640726
0.9248382318352648
-0.8622880619962516
0.9156022479973158
0.7055241919185198
0.3451128858489392
-0.845103867814649
0.5152391595439076
0.5611983652555199
-0.20098269216772668
-0.2441322610938672
-0.5457988056479794
0.970760012221529
-0.26190980144653464
-0.5382686513509534
-0.9520125003323319
0.011506662110791543
-0.5725343179544267
0.7762372350245588
-0.8681488906716912
0.7593420874013783
0.20835388924582965
-0.3170045441686411
0.5029570194172948
0.2120409841844817
-0.2257771610654058
-0.14703377440378662
0.189764693995651
0.6688755222260399
-0.22419455992552684
0.14767525706968265
