GAINS
mean_gains1 [-7.450164458651367, -6.450085714798943, -5.450199309993502, -3.588457658170646, -2.791099009316201, -2.200317910768418, -1.6173944337621282, 1.3456643723042643, 0.3729636570327816, 0.03578643657104017, 1.2912339143532325, 0.2113495446550669, 1.515677131449257, 2.911959676680815, 2.468823199253509]
mean_gains2 [-8.450164458651367, -6.450085714798943, -4.450199309993502, -3.588457658170646, -2.791099009316201, -2.200317910768418, -2.217394433762128, -1.8456643723042643, -1.0729636570327816, -0.5357864365710402, 0.2912339143532325, 0.3113495446550669, 0.415677131449257, 0.811959676680815, 1.068823199253509]

Fitness
EA1 [25.116016795802636, 29.296202661551582, 32.391497278297614, 36.54718377513443, 39.53374928992439, 41.005257763289784, 42.174753065485596, 43.093759088968625, 44.045893454080854, 44.74494684096702, 45.46244396602765, 46.470271772048356, 46.623477788984694, 46.87071455310523, 47.089393758076746, 48.954963577898084]
EA2 [26.58019862805332, 29.6378230737907, 34.16994942398804, 38.45170802845222, 41.53315186291171, 41.73761914800159, 42.257601234659596, 44.12630490886829, 45.09168733788431, 46.105076310962, 46.9161531175838, 47.138622864376, 48.48053640463812, 47.69676046824715, 48.24823193762953, 49.752955770168136]

Enemy life
EnemylifeEA1 [18.02118630782308, 17.160888108270143, 15.73765183022988, 14.100164719963313, 14.09246725930701, 13.414865254434144, 13.415117978050228, 10.510438655584036, 11.33937671300487, 11.095956603193809, 10.220853563186642, 10.969890832404456, 9.884348282268105, 8.444206824728683, 8.888414408993865]
EnemylifeEA2 [19.591774805136797, 19.042165017057247, 17.5452648420208, 14.355215712507436, 14.939934651775534, 14.091165377283332, 13.747069513904805, 12.161938630832577, 11.670803700461784, 11.930340128841596, 11.314195857404323, 10.972796880414919, 10.630064147724283, 8.805805352535295, 10.528188413139763]

Player life
PlayerlifeEA1 [0.5710218491717107, 0.7108023934711983, 0.28745252023637813, 0.511707061792668, 1.3013682499908097, 1.214547343665727, 1.7977235442881003, 1.8561030278883002, 1.7123403700376518, 1.1317430397648487, 1.5120874775398747, 1.1812403770595243, 1.4000254137173627, 1.356166501409499, 1.357237608247374]
PlayerlifeEA1 [-0.9995666481420078, -1.1704745153159064, -1.5201604915545435, 0.2566560692485451, 0.4539008575222858, 0.5382472208165399, 1.4657720084335244, 0.2046030526397591, 1.3809133825807387, 0.29735951411706196, 0.4187451833221931, 1.178334329049062, 0.6543095482611836, 0.9945679736028867, -0.2825363958985221]
