20-10 22:13 [1, 2, 3, 4, 5, 6, 7, 8]
Max: [24.103702438604, 24.103702438604, 31.65523892426315, 35.76860459185279, 37.244033100203055, 37.244033100203055, 37.244033100203055, 37.244033100203055, 37.244033100203055, 37.244033100203055, 37.67193265512056, 37.69782049612553, 37.69782049612553, 37.69782049612553, 38.82246329160701, 38.82246329160701]
Mean: [-4.892449491628354, -0.30569198283206384, 13.13272723575517, 23.623312955902104, 27.180401033465934, 28.74921095229786, 29.325481404270118, 29.3789440151803, 30.349600940543805, 30.179604446973837, 30.563237105416338, 30.6809882693958, 31.501408645254447, 32.19689660014374, 32.28253274674948, 31.471651223846425]
Gains:[-20.57886261027903, -19.361553811346123, -16.1844278169181, -15.33837550171598, -15.259251844812246, -15.33837550171598, -15.426643447127663, -15.366796862054262, -15.426643447127663, -15.708079152620591, -15.85688132831475, -15.976552573253535, -15.914729000884172, -7.063966290423238, -7.048185893031487]
Enemylife:[8.452624903444374, 7.127771087269451, 4.032850083393516, 3.1330141379775895, 3.1330141379775895, 3.1330141379775895, 3.1330141379775895, 3.1330141379775895, 3.1330141379775895, 3.6515199645763587, 3.6515199645763587, 3.6515199645763587, 3.6515199645763587, -0.49509756796392423, -0.49509756796392423]
Playerlife:[-12.126237706834656, -12.233782724076672, -12.151577733524583, -12.20536136373839, -12.126237706834656, -12.20536136373839, -12.293629309150074, -12.233782724076672, -12.293629309150074, -12.056559188044233, -12.20536136373839, -12.325032608677176, -12.263209036307813, -7.559063858387162, -7.543283460995411]
Bestf: [24.098714216564428, 31.65523892426315, 35.78118082531416, 37.239405254792175, 37.244033100203055, 37.239405254792175, 37.23465981017568, 37.237836486638564, 37.23465981017568, 37.68032719135597, 37.70306352957862, 37.69604652100462, 37.6995813329882, 38.821415277852914, 38.82263898747104]
Mean of max: 35.469110482578344
Mean of mean: 24.713616006295933
Mean of gains: -15.056621672108323
20-10 23:54 [1, 2, 3, 4, 5, 6, 7, 8]
Max: [12.176872427073228, 12.176872427073228, 12.176872427073228, 13.357422482739235, 18.972637815536412, 26.48508364410264, 30.285539934193785, 35.74962647211068, 41.07502091003931, 41.51108788139062, 41.805781982898864, 41.903154343736944, 43.1294452390278, 43.1294452390278, 43.1294452390278, 43.171911910415616]
Mean: [-5.028393810508207, -1.9744808365684483, -1.0788517548653962, 0.5739570614949787, 1.165334298488397, 4.922961966927767, 11.969829339869996, 18.866265350291336, 22.89086195346154, 24.61037754119284, 24.395160199604838, 27.98012980621836, 29.038727401225017, 30.786479349272945, 30.27652806264401, 30.76843325497242]
Gains:[-14.025134244871513, -13.694697164514348, -35.450620022696526, -22.47999762967578, -12.088851501792835, -21.436574962861464, -15.826509241127829, -4.665306725156221, -13.337864614812101, -11.707586495159045, -14.921671428313797, -13.650088514417277, -13.825583396122052, -14.139866491419657, -13.6241174599237]
Enemylife:[7.370919472861878, 7.370919472861878, 22.16117818584989, 9.064017026040666, 0.976199467703772, 13.371243477846093, 9.206009889314501, -3.3602010819715, 2.639320225002102, 0.3312575060060077, 3.205505282296631, 1.9913810180884859, 1.9913810180884859, 1.9913810180884859, 1.9913810180884859]
Playerlife:[-6.6542147720096345, -6.32377769165247, -13.289441836846638, -13.415980603635115, -11.112652034089063, -8.06533148501537, -6.6204993518133275, -8.02550780712772, -10.69854438981, -11.376328989153038, -11.716166146017166, -11.658707496328791, -11.834202378033567, -12.14848547333117, -11.632736441835213]
Bestf: [12.162420789128497, 12.178639078405375, 13.249585323428875, 18.94596771637911, 26.48508364410264, 30.358891890806312, 35.76242159382198, 41.05423588586683, 41.51236849393421, 41.82481842375036, 41.94421126404025, 43.14464418609539, 43.1294452390278, 43.11282309499096, 43.15893080853911]
Mean of max: 31.2647637734667
Mean of mean: 15.635207448982651
Mean of gains: -15.658297992857609
21-10 01:33 [1, 2, 3, 4, 5, 6, 7, 8]
Max: [16.454567338532478, 24.299931397562847, 32.512409924734236, 32.512409924734236, 41.07389363472887, 41.07389363472887, 41.44831330257665, 43.203567752217715, 44.54299061213456, 44.544456831977556, 44.55034354863339, 44.55450818792907, 44.55450818792907, 44.55450818792907, 44.55450818792907, 44.55450818792907]
Mean: [-5.327647327961279, 1.3621529228397589, 8.098349456789029, 12.487044992239765, 20.06243685702511, 27.278097572032717, 34.045875663685365, 36.15837058912196, 36.14110661049957, 38.249673447168476, 38.56499259682801, 39.278788894169764, 39.88606151359738, 39.09250233216054, 38.13219158314182, 38.35863770585679]
Gains:[-12.66366382327966, -8.454258921476104, -8.371103039200385, -5.185469759631346, -5.575173343579447, -7.090359418242656, -6.198791584078727, -5.210679063523486, -5.193631402955994, -5.178504702950185, -5.247043223944598, -5.19406324751635, -5.164013261810382, -5.178504702950185, -5.083231420193048]
Enemylife:[3.3772233983162074, -0.162583765550945, -0.162583765550945, -3.3602010819715, -3.3602010819715, -0.19655507583502185, -0.8184476327220374, -1.900323971815169, -1.900323971815169, -1.900323971815169, -1.900323971815169, -1.900323971815169, -1.900323971815169, -1.900323971815169, -1.900323971815169]
Playerlife:[-9.286440424963452, -8.616842687027049, -8.53368680475133, -8.545670841602846, -8.935374425550947, -7.286914494077678, -7.017239216800764, -7.111003035338655, -7.093955374771163, -7.078828674765354, -7.147367195759767, -7.094387219331519, -7.064337233625551, -7.078828674765354, -6.983555392008217]
Bestf: [24.28759607814169, 32.51290024563218, 32.51497650848486, 41.0576204513271, 41.07275809998919, 41.44822273021788, 43.203457137422255, 44.543054186172, 44.535104007436075, 44.55427185536735, 44.5544952404373, 44.55434982920094, 44.554179105915075, 44.55427185536735, 44.55192077502806]
Mean of max: 39.311832427637924
Mean of mean: 27.616789713074674
Mean of gains: -6.332566061022171
21-10 03:27 [1, 2, 3, 4, 5, 6, 7, 8]
Max: [10.94248070116609, 21.46396560687177, 23.03200391125613, 26.78562839056222, 27.661728670243832, 29.81065299570073, 31.751394209326403, 31.751394209326403, 31.751394209326403, 31.751394209326403, 32.47719011416353, 32.47719011416353, 32.47719011416353, 33.300969986228424, 34.36311924046214, 34.36311924046214]
Mean: [-5.711690858897145, -0.7412294390212882, 8.085089456327898, 15.83920908007564, 20.529950261627498, 22.617436612657446, 24.50172624617626, 24.90445414102575, 25.21892927227172, 25.728213781687145, 25.81369647996315, 25.834439024981883, 26.62387651319034, 26.967538611261674, 26.729092231812423, 26.960561571637793]
Gains:[-11.636113796924418, -19.39447223128304, -15.832612167339736, -19.670431312785926, -16.951614735075808, -9.724162597563904, -9.486898245355007, -9.568269408911608, -9.372542471676752, -8.168950813248035, -7.774166913154023, -7.933660428118731, -5.754638018058689, -10.804968758301676, -10.864060174048426]
Enemylife:[5.192880041699787, 7.189110867544649, 3.7760529792955033, 7.613872124741693, 4.773658733976458, -1.0147022494766453, -1.0147022494766453, -1.0147022494766453, -1.0147022494766453, -0.162583765550945, -0.162583765550945, -0.162583765550945, -1.9745653063789916, -0.6735691739616136, -0.6735691739616136]
Playerlife:[-6.443233755224631, -12.20536136373839, -12.056559188044233, -12.056559188044233, -12.17795600109935, -10.73886484704055, -10.501600494831653, -10.582971658388253, -10.387244721153397, -8.33153457879898, -7.936750678704968, -8.096244193669676, -7.72920332443768, -11.47853793226329, -11.53762934801004]
Bestf: [21.494941742117962, 23.029792851412214, 26.79441042914108, 27.69414211224909, 29.821669166174786, 31.7480119224033, 31.751394209326403, 31.750213380796243, 31.7531279995959, 32.4716372778033, 32.48084417745077, 32.47628680768835, 33.30104413696732, 34.35977010399503, 34.358702704640436]
Mean of max: 29.135050995171852
Mean of mean: 19.993830811673636
Mean of gains: -11.52917080478972
21-10 05:23 [1, 2, 3, 4, 5, 6, 7, 8]
Max: [19.120924796558178, 19.120924796558178, 21.146285041728106, 27.045247029328127, 31.686551065698055, 31.686551065698055, 31.689713825965644, 33.658631556267906, 34.968097975858925, 37.24530436163095, 37.24530436163095, 37.24530436163095, 37.273186311896126, 37.381793101543686, 37.381793101543686, 38.41878849102292]
Mean: [-5.599155677491987, -0.012762605738828607, 6.434565755703191, 12.393675904031957, 17.828113881462592, 21.240862720019415, 23.30107147841828, 24.38209839484161, 25.744960932889317, 27.69609799999398, 28.946922047746245, 29.11031080828489, 29.122424483982513, 30.94906481535394, 30.568271410937708, 31.756647044615818]
Gains:[-22.89068709777563, -22.59755708560127, -12.612656884616555, -3.735225165224115, -3.82281869376601, -3.8984638297675893, -5.558986573859165, 2.8214325945559544, 0.024708471057522274, -1.177569446036081, -4.330038569508595, -3.7893827726720666, 6.73858729920396, 6.748025947569971, 0.2649491494779461]
Enemylife:[10.656904373698957, 10.41960108450192, 4.196023956157777, -3.6247489949718315, -3.6247489949718315, -3.6247489949718315, 1.1649043866076099, -7.8480616494113455, -5.37795049432761, -5.37795049432761, -5.37795049432761, -2.386127875258307, -10.545243354942262, -10.545243354942262, -6.547375096555626]
Playerlife:[-12.233782724076672, -12.17795600109935, -8.416632928458778, -7.3599741601959465, -7.447567688737841, -7.523212824739421, -4.394082187251555, -5.026629054855391, -5.353242023270088, -6.555519940363691, -9.707989063836205, -6.175510647930373, -3.8066560557383013, -3.7972174073722904, -6.28242594707768]
Bestf: [19.12675853472857, 21.1610137332666, 27.0434803412344, 31.688378255531255, 31.689713825965644, 31.691206076964676, 33.648727488232424, 35.009920430755955, 37.19798374330874, 37.24530436163095, 37.0498461683621, 37.27316965570009, 37.35106659351422, 37.355700721318335, 38.40797130984932]
Mean of max: 32.01965007778503
Mean of mean: 20.866448087190665
Mean of gains: -4.5210455104641145
21-10 07:02 [1, 2, 3, 4, 5, 6, 7, 8]
Max: [18.15097024776609, 19.13319560596461, 20.802484588872776, 26.67664971628482, 32.49707128224258, 33.844756893146865, 34.857643409925934, 34.857643409925934, 35.12760767142473, 35.12760767142473, 35.12760767142473, 36.603223255405325, 36.88087167974571, 38.417910066273166, 38.417910066273166, 38.417910066273166]
Mean: [-5.367772748427973, -1.6477220298581263, 1.5222736744467145, 11.692296253672875, 20.950622641540107, 25.150937602555203, 28.147119455394378, 28.515878761671825, 29.438499409589234, 29.734617526973217, 30.16776462900987, 30.31874368805141, 30.194664333873412, 30.604447450178927, 30.58239825139934, 31.265640884209628]
Gains:[-26.466742906490243, -25.681708682008583, -9.021277512649526, -12.686115764985631, -10.982126794398551, -11.206596120915117, -11.206596120915117, -13.841051565964626, -13.934818645732271, -14.124064314038392, -5.073142793475146, -14.176808303727505, -14.167989147766907, -14.557307217435651, -13.246722422702977]
Enemylife:[13.452624903444374, 12.773035625263706, 3.3618855471419558, 5.059591450303795, 4.01923788646684, 2.5595914503037953, 2.5595914503037953, 5.505102572168219, 5.505102572168219, 5.505102572168219, -0.646793489187516, 5.065880848129478, 4.181552367277963, 4.181552367277963, 4.181552367277963]
Playerlife:[-13.01411800304587, -12.908673056744878, -5.65939196550757, -7.626524314681836, -6.962888907931712, -8.647004670611322, -8.647004670611322, -8.335948993796407, -8.429716073564052, -8.618961741870173, -5.719936282662662, -9.110927455598027, -9.986436780488944, -10.375754850157689, -9.065170055425014]
Bestf: [19.13672527611939, 20.80929562971164, 26.6612633821688, 32.5329376752608, 33.899384972791175, 34.81460466682964, 34.81680915950017, 35.073494459034784, 35.07093537806595, 35.06562227633181, 36.604373458560666, 36.88957717967463, 38.348105185366244, 38.331180041241936, 38.382862119729964]
Mean of max: 32.18381645639839
Mean of mean: 21.954400611517503
Mean of gains: -14.024871220880419
21-10 09:17 [1, 2, 3, 4, 5, 6, 7, 8]
Max: [10.183852589098397, 20.585510799337886, 20.585510799337886, 22.65858638145831, 24.692095310394304, 26.06233169290811, 26.361012098215266, 26.36281361518539, 26.375635722330035, 30.649699606360855, 32.63101702403107, 36.70845357454917, 36.70845357454917, 36.71042991182688, 36.71042991182688, 36.71042991182688]
Mean: [-6.002298223576407, 0.18184984092892684, 4.1732404618749825, 8.583158944211243, 15.434858469475648, 20.32902154933179, 22.44218402065889, 23.26242420408728, 23.845028469667124, 24.841073791510432, 25.377798915399012, 26.10781518064291, 27.29753645026376, 28.488484278291505, 29.522836551584774, 29.953910148150847]
Gains:[-16.209763401753126, -16.209763401753126, -11.31817007392278, -15.9803713717464, -8.331053602755272, -10.259568500888754, -11.180865071609738, -10.259568500888754, -9.299126759173696, -6.032343615964489, -5.590990352748545, -5.782734210209892, -5.8575244589541775, -5.5380533851064655, -5.5398711259304925]
Enemylife:[11.908263514236243, 11.908263514236243, 3.8704153825284564, 3.7750100080080102, 2.550040064128286, 2.953287513112702, 2.953287513112702, 2.953287513112702, 2.773035625263706, -2.810889132455351, -3.284271247461902, -3.284271247461902, -3.284271247461902, -3.284271247461902, -3.284271247461902]
Playerlife:[-4.301499887516883, -4.301499887516883, -7.447754691394323, -12.20536136373839, -5.781013538626986, -7.306280987776052, -8.227577558497035, -7.306280987776052, -6.52609113390999, -8.84323274841984, -8.875261600210447, -9.067005457671794, -9.14179570641608, -8.822324632568368, -8.824142373392394]
Bestf: [20.585510799337886, 20.585510799337886, 22.65605982311017, 24.70209085944476, 26.059881321619535, 26.357114036090508, 26.33316377729779, 26.357114036090508, 30.68207759082333, 32.624084790680385, 36.70543675034904, 36.70845357454917, 36.71042991182688, 36.702333028451115, 36.70043113620776]
Mean of max: 28.16851640770228
Mean of mean: 18.98993269078142
Mean of gains: -9.559317855560382
21-10 13:56 [1, 2, 3, 4, 5, 6, 7, 8]
Max: [7.645630355240115, 19.696756479555578, 22.843663775311988, 24.557019781770855, 25.38028978528193, 25.38028978528193, 26.041675695970515, 26.041675695970515, 27.200141089332458, 27.201871497196787, 27.201871497196787, 27.202102869724072, 27.20234176919104, 27.203308024878755, 27.203308024878755, 27.203308024878755]
Mean: [-5.966908100757023, 1.728948357625913, 10.602992801341246, 16.405957817212304, 19.130238293386167, 19.960393225135768, 20.576817425359668, 21.290312809500584, 21.76535407450035, 22.206298926261358, 22.54773843948349, 22.818384361013113, 23.18437886852676, 23.572723580589997, 23.54636241188196, 23.81986244818774]
Gains:[-21.032205713700748, -19.495805914721803, -22.116213879973753, -19.32789450905733, -19.08103181239764, -18.258494898987973, -18.114437816989824, -7.843937239915796, -7.8711462550874245, -7.615373597886908, -7.843937239915796, -7.928621305339451, -7.928621305339451, -8.354465240968384, -7.990098282691861]
Enemylife:[8.377223398316207, 6.779485681388731, 8.886192144351007, 12.086588740373074, 12.086588740373074, 5.41960108450192, 5.41960108450192, -3.9116499156263416, -3.9116499156263416, -3.9116499156263416, -3.9116499156263416, -3.9116499156263416, -3.9116499156263416, -3.9116499156263416, -3.9116499156263416]
Playerlife:[-12.65498231538454, -12.716320233333072, -13.230021735622746, -7.241305768684255, -6.9944430720245645, -12.838893814486052, -12.694836732487904, -11.755587155542138, -11.782796170713766, -11.52702351351325, -11.755587155542138, -11.840271220965793, -11.840271220965793, -12.266115156594726, -11.901748198318202]
Bestf: [19.696756479555578, 22.818515072127596, 24.49253850563443, 25.434749475942954, 25.438598127034425, 26.034343462586538, 26.047916520866725, 27.200385393115393, 27.20104106533077, 27.19752005050977, 27.200385393115393, 27.20143740860892, 27.201578763099207, 27.203308024878755, 27.20197272738722]
Mean of max: 24.7003283844788
Mean of mean: 17.94936598370309
Mean of gains: -13.38681900086494
21-10 16:03 [1, 2, 3, 4, 5, 6, 7, 8]
Max: [20.580811593053028, 20.580811593053028, 22.979615065060138, 35.52879239162766, 35.52879239162766, 37.18642299595079, 40.789643253301875, 40.789643253301875, 40.7952858096074, 40.7952858096074, 44.53466336462486, 48.9322330766672, 48.9322330766672, 48.9322330766672, 48.9322330766672, 48.9322330766672]
Mean: [-5.537723395871228, 0.10702127320423689, 5.428413744469847, 17.026564395337665, 22.718361079274555, 25.939634850943367, 27.132000542824155, 29.339088563155105, 31.23194092294019, 32.04457807050419, 33.33976585215217, 34.027917930054656, 35.474476128104904, 35.63440302939647, 35.289691641193045, 35.56279078836247]
Gains:[-11.484734359237883, -10.859824727984208, -9.92697361039264, -9.70198173395806, -19.215125495658135, -7.787814935045352, -8.210712182268551, -7.9622399839221, -6.895794249874143, -14.274016419351604, -5.878331749529103, -7.978408778954517, -7.4925329765355535, -4.903256770837375, -4.6492535776743775]
Enemylife:[4.052279599350868, 4.258790269825681, 0.6904867630909806, 0.6904867630909806, 10.370883639387419, 1.5479212008828505, 1.5479212008828505, 1.5479212008828505, 1.5479212008828505, 5.635083268962916, 0.6350832689629158, 0.6350832689629158, 0.6350832689629158, 0.6350832689629158, 0.6350832689629158]
Playerlife:[-7.432454759887015, -6.6010344581585265, -9.23648684730166, -9.01149497086708, -8.844241856270719, -6.239893734162502, -6.662790981385701, -6.414318783039249, -5.347873048991293, -8.638933150388688, -5.243248480566187, -7.343325509991601, -6.857449707572638, -4.268173501874459, -4.014170308711462]
Bestf: [20.586203392035834, 22.98830227763109, 35.53238183277048, 35.53245340713626, 37.26934141973145, 40.794185952666666, 40.786086259053334, 40.79080038563989, 40.81503998446033, 44.47494889134362, 48.95737547587626, 48.92476326896171, 48.9322330766672, 48.970403106791764, 48.97381170004532]
Mean of max: 39.04693330650949
Mean of mean: 24.672432838502864
Mean of gains: -9.148066770081577
21-10 18:28 [1, 2, 3, 4, 5, 6, 7, 8]
Max: [11.800355470934754, 11.800355470934754, 16.180888325338472, 20.581477060985957, 20.6003998432871, 21.27856182517677, 21.27856182517677, 21.27856182517677, 21.37872744055176, 21.37872744055176, 21.37872744055176, 21.37872744055176, 21.37872744055176, 21.37872744055176, 21.37872744055176]
Mean: [-5.413927303515076, -2.3531645046176357, 0.7897017107415593, 6.0627240776346225, 10.424734556339745, 13.694642106184181, 15.54722240543165, 15.947395008854075, 16.47762137949179, 17.257520593263994, 16.87724197640321, 17.066689584334647, 17.590646402070718, 17.983687507797153, 17.69862075770424]
Gains:[-17.513736632201418, -8.751215207300834, -13.667938092225025, -11.778713832925895, -16.603942268926065, -17.002768341695393, -14.963504054289661, -14.64693952117646, -14.963504054289661, -15.655647077034267, -14.571457257563324, -15.476184419240006, -15.476184419240006]
Enemylife:[7.370919472861878, 3.944487245360108, 6.564017026040666, 6.564017026040666, 10.0, 10.0, 10.0, 10.0, 10.0, 10.0, 10.0, 10.0, 10.0]
Playerlife:[-10.14281715933954, -4.806727961940727, -7.103921066184359, -5.214696806885229, -6.603942268926066, -7.002768341695392, -4.963504054289662, -4.646939521176459, -4.963504054289662, -5.655647077034268, -4.571457257563324, -5.476184419240007, -5.476184419240007]
Bestf: [11.743714593129035, 16.12282220647395, 20.542315512650568, 20.584712619945435, 21.27856182517677, 21.266139274609397, 21.33659008989813, 21.34805549992045, 21.33659008989813, 21.308909530742348, 21.350895951475962, 21.319082442362582, 21.319082442362582]
Mean of max: 19.63001691539158
Mean of mean: 11.710090417207926
Mean of gains: -14.697825782931387
