
[1, 2, 3, 4, 5, 6, 7, 8]
BEST fitness: 31.31197798178801
Enemylife: -4.417863337009262
Playerlife: -7.095174059759756


[1, 2, 3, 4, 5, 6, 7, 8]
BEST fitness: 41.93655522027457
Enemylife: -2.3746859276654995
Playerlife: -5.914133417863027


[1, 2, 3, 4, 5, 6, 7, 8]
BEST fitness: 45.63319441255456
Enemylife: -5.967149916606484
Playerlife: -6.293318440848417


[1, 2, 3, 4, 5, 6, 7, 8]
BEST fitness: 34.45690853290521
Enemylife: 7.565880848129478
Playerlife: -12.390744854914416


[1, 2, 3, 4, 5, 6, 7, 8]
BEST fitness: 33.93676766781698
Enemylife: 6.532850083393516
Playerlife: -11.272664163501783

