02-10 09:33 Max: [66.64341372532799, 66.64341372532799, 86.46693855665947, 88.86627799644579, 88.86627799644579, 88.86627799644579, 90.33425332628683, 90.33425332628683, 90.33425332628683, 90.33425332628683, 90.33425332628683, 90.33425332628683, 90.33425332628683] Mean: [9.056264994550169, 27.888983987117903, 48.12468177869832, 57.4073149694351, 63.630301255597416, 66.67769214162152, 69.71965209403082, 71.94380952647005, 75.80594647194255, 76.81001183259002, 75.56481069176644, 77.49288292937756, 77.47171944542406]
02-10 09:54 Max: [75.23167900420623, 75.28957298262513, 75.28957298262513, 85.27703951986408, 85.15703951986407, 85.87703951986407, 85.99703951986407, 86.11703951986408, 86.11703951986408, 86.23703951986407, 86.35703951986407, 88.65794861721986, 88.65794861721986, 89.9535733118876, 89.9535733118876, 89.9535733118876] Mean: [10.67235643260577, 26.749143235828114, 49.90518019969974, 62.01381147141156, 66.49231981691139, 69.8233854616929, 74.74756903260925, 81.48606512044525, 85.60611324292832, 85.95443951986408, 86.0937648544917, 86.21624861083765, 86.5087538259342, 87.2793646201405, 88.5613574710057, 88.82617360500659]
02-10 10:13 Max: [75.27641489804762, 75.27641489804762, 75.56627799644576, 75.56627799644576, 75.63402398497814, 84.44957298262516, 84.44957298262516, 84.45167900420626, 84.45167900420626, 84.45167900420626, 87.63289246928257, 87.63289246928257, 87.63289246928257, 88.83289246928257, 88.83289246928257, 88.83289246928257] Mean: [6.665863504778762, 18.257738916480776, 35.548219608901576, 48.86007499273519, 62.39738320043617, 66.83937418987774, 72.3996971062395, 77.71464178319978, 82.31032360649944, 84.42793217101415, 84.47982752590836, 84.610634376381, 84.75903867927252, 85.44998229870663, 87.31972443700955, 87.89689246928258]
02-10 10:33 Max: [66.46266573298146, 75.28626719449063, 84.69794861721985, 84.69794861721985, 84.69794861721985, 84.69794861721985, 84.69794861721985, 84.69794861721985, 86.19794861721985, 87.19504998251861, 87.55936107665804, 87.55936107665804, 87.55936107665804, 87.61504998251861, 87.61504998251861, 87.61504998251861] Mean: [10.560139985305877, 29.391477593921177, 50.80415524605341, 65.11668748703975, 68.30679211920322, 70.30661597287634, 70.59571168291808, 72.12415618438122, 74.6297895862513, 76.06518243811743, 76.0029924124631, 76.04896670336204, 81.23197840696619, 86.64075177094715, 87.16473507894118, 87.52395041711945]
02-10 10:44 Max: [66.63402398497814, 89.77936107665805, 89.83936107665805, 89.83936107665805, 89.83936107665805, 89.83936107665805, 89.83936107665805, 89.83936107665805, 89.83936107665805] Mean: [6.233714390421431, 26.77221680563733, 44.163668338933554, 58.66434029781106, 67.2186426263253, 69.96862853030224, 72.54657540468237, 74.898252928899, 76.3600473921513]
02-10 11:00 Max: [75.24742736117437, 85.7035364480685, 85.7035364480685, 89.55289246928257, 89.55289246928257, 90.31946500072775, 90.31946500072775, 90.31946500072775, 90.31946500072775, 90.31946500072775, 90.31946500072775, 90.31946500072775] Mean: [5.133313211512803, 24.140002073222117, 45.50088927260766, 61.209384451377275, 63.160380065892696, 65.69624346599515, 67.29955648925325, 66.67011945342625, 71.25129563920162, 73.23992308344673, 77.72181541828532, 79.72494986729045]
02-10 11:18 Max: [66.73214184093668, 66.73214184093668, 66.73214184093668, 75.31302464366019, 75.34051778424038, 75.49061166337202, 75.5619206910768, 75.5619206910768, 75.5619206910768, 75.5619206910768, 75.5619206910768, 75.5619206910768, 75.57065437104556, 85.51703951986407, 85.51703951986407, 85.81357331188758] Mean: [4.898514228250137, 23.04999647235007, 47.44375579674346, 65.11371523985932, 67.13314339993076, 68.14065235531929, 69.75421538657939, 71.30309829878207, 73.8272396004576, 74.45592819839442, 73.95113421099997, 73.97547371310604, 74.93522122650032, 75.66060039859762, 76.05570398083546, 77.74680485756977]
02-10 11:31 Max: [66.33011907701948, 90.43936107665805, 90.43936107665805, 91.34889138314544, 91.34889138314544, 91.34889138314544, 91.34889138314544, 91.34889138314544, 91.34889138314544, 91.34889138314544] Mean: [7.672900060482232, 31.8866988506119, 54.60639810897227, 66.63319687708434, 70.93478914839571, 72.45067937695897, 74.1521459107696, 80.07180717695081, 87.56976208243644, 90.08011299945738]
02-10 11:44 Max: [85.78556065373064, 85.97736716631765, 90.12192069107684, 90.12192069107684, 90.18192069107684, 91.32472159231587, 91.32472159231587, 91.32472159231587, 91.32472159231587, 91.32472159231587, 91.32472159231587, 91.32472159231587] Mean: [10.251062673933324, 37.07302315947509, 60.14466962248324, 68.14427935401318, 72.58367715284562, 75.65038609710413, 84.55201255965943, 89.59108210392496, 90.70542838871759, 91.23669284958143, 91.3247215923159, 91.3247215923159]
02-10 11:56 Max: [75.27968822339258, 85.47288973525114, 90.31520306650938, 90.31520306650938, 90.31520306650938, 90.31520306650938, 90.31520306650938, 90.31520306650938, 90.31520306650938] Mean: [5.343246755211612, 22.471882907304277, 46.22498415860439, 59.13570089308081, 64.45433046703265, 68.49366161867103, 77.51916747358435, 81.61096069110417, 83.62935418545237]
