02-10 14:45 Max: [92.58272016318507, 92.58272016318507, 92.58272016318507, 92.58272016318507, 93.06246192029869, 93.06246192029869, 93.06246192029869, 93.06246192029869, 93.06246192029869, 93.06246192029869, 93.06246192029869] Mean: [14.341622319881742, 38.54131207838815, 67.196855230434, 82.78288951238474, 91.14198903195404, 91.90925792078525, 92.00841796140492, 92.07132611077346, 92.33923567301954, 92.54351777826207, 92.5143354956672]
02-10 15:07 Max: [92.36889138314541, 92.56355803717005, 92.58272016318507, 92.58272016318507, 92.58272016318507, 92.58272016318507, 92.73193985886488, 92.73193985886488, 92.73193985886488, 92.92700044143626, 92.92700044143626, 92.92700044143626, 92.92700044143626, 92.92700044143626, 93.12700044143625, 93.12700044143625] Mean: [9.331353622141798, 30.749643821300353, 58.25699885143054, 76.68655814695978, 86.16278736026813, 90.92662103851923, 91.25737861902402, 91.63463307572623, 91.89123412689383, 91.98815650053321, 92.1113222024832, 92.27279905564939, 92.29277549018614, 92.47387747768684, 92.51292266463744, 92.86587359273581]
02-10 15:22 Max: [91.77237888630937, 92.73193985886488, 92.73193985886488, 92.73193985886488, 92.73193985886488, 92.73193985886488, 92.73193985886488, 92.73193985886488] Mean: [9.459697175239903, 34.873782689856654, 59.23417101762172, 69.34515553291052, 79.40965550917348, 83.77213719441383, 87.64345215151438, 86.92197694714905]
02-10 15:39 Max: [92.5001335721758, 92.5001335721758, 92.57611947915372, 92.57611947915372, 92.57611947915372, 92.77065437104557, 92.77065437104557, 92.77065437104557, 92.77065437104557, 92.77065437104557, 92.77065437104557, 92.77065437104557] Mean: [9.897461959818628, 35.26166993113678, 60.546084651480015, 81.09771350317936, 90.75238999901842, 91.41007368310245, 91.45711506701434, 91.77721474890808, 91.97596944465906, 92.27275160239344, 92.53237169158768, 92.58351372970756]
02-10 15:53 Max: [91.77237888630937, 91.77237888630937, 91.77237888630937, 93.72700044143625, 93.72700044143625, 93.72700044143625, 93.72700044143625, 93.72700044143625, 93.72700044143625, 93.72700044143625] Mean: [16.613650089751808, 44.22672325424065, 64.61453088627037, 86.06816639600525, 91.80848518866019, 91.85254301364776, 91.91670714098613, 92.0734623947238, 92.21208993751736, 92.61853232642005]
02-10 16:15 Max: [91.77237888630937, 91.77237888630937, 91.77237888630937, 91.84704041507838, 91.84704041507838, 91.84704041507838, 92.77065437104557, 92.77065437104557, 92.77065437104557, 92.77065437104557, 92.77065437104557, 92.77065437104557, 93.13193985886487, 93.13193985886487, 93.13193985886487, 93.13193985886487] Mean: [3.781045695998953, 25.82111525083714, 50.15639164390467, 79.50824599894385, 91.56438107557656, 91.77312550159708, 91.78534810230751, 91.78758794817055, 91.79894055324607, 91.83104501061672, 91.87216602519719, 91.93632894334041, 92.06306325843083, 92.54071932153778, 92.85013717836584, 93.05245705154465]
02-10 16:28 Max: [92.53703951986405, 92.53703951986405, 92.53703951986405, 92.53703951986405, 93.32700044143624, 93.32700044143624, 93.32700044143624, 93.32700044143624, 93.32700044143624, 93.32700044143624, 93.32700044143624] Mean: [12.376393470462254, 38.48061488195773, 65.49146617467699, 82.24833601145376, 89.89007991933462, 91.56729110113149, 92.05459094199423, 92.25320531075373, 92.38891557681252, 92.82799335963702, 93.00681978266267]
02-10 16:45 Max: [91.77237888630937, 92.65766574803519, 92.65766574803519, 92.65766574803519, 92.65766574803519, 92.65766574803519, 92.65766574803519, 92.77611947915372, 92.77611947915372, 92.77611947915372, 92.77611947915372, 92.77611947915372, 92.77611947915372, 92.77611947915372] Mean: [7.304500820502873, 29.101897065861607, 58.83017479159344, 74.59978683041096, 84.43088074575715, 88.76922459978584, 90.2026987173191, 91.30657895700459, 91.85324353913062, 92.5048066239696, 92.63943240870454, 92.64681187313383, 92.64813133850137, 92.64813133850137]
02-10 17:31 Max: [91.77237888630937, 92.33703951986405, 92.33703951986405, 93.32700044143624, 93.32700044143624, 93.32700044143624, 93.32700044143624, 93.32700044143624, 93.32700044143624, 93.32700044143624] Mean: [6.2001843648263435, 28.649188274720395, 59.41759379776453, 79.62823718339854, 88.79610746177993, 91.93231619751214, 92.06424393037526, 92.27466981120027, 92.29771088501569, 92.49002210480153]
02-10 17:51 Max: [92.36355803717005, 92.8769900208616, 92.97065437104557, 92.97065437104557, 92.97065437104557, 93.32700044143624, 93.32700044143624, 93.32700044143624, 93.32700044143624, 93.32700044143624, 93.57065437104556, 93.72700044143625, 93.72700044143625, 93.72700044143625, 93.72700044143625, 93.72700044143625] Mean: [11.279692034483553, 37.68901223996625, 59.825915954087286, 78.80398110687395, 89.93566949965354, 90.87860165848365, 91.55807115684618, 92.11939360492111, 92.48184877683826, 92.97376179176608, 93.19377163116823, 93.38860430595028, 93.53592358512371, 93.597233203012, 93.67540623820736, 93.72700044143629]
