01-10 23:13 Max: [30.56627799644576, 30.56627799644576, 84.64229505687139, 84.64229505687139, 84.64229505687139, 84.64229505687139, 84.64229505687139, 84.64229505687139, 84.64229505687139] Mean: [-1.6056263465958462, 4.008603534117986, 12.631981999383184, 17.68476106855475, 20.992830200969998, 24.66135493126874, 26.90151710994785, 28.884660391564466, 28.72382986565531]
01-10 23:28 Max: [38.81173587691741, 38.81173587691741, 38.81173587691741, 39.041575306970216, 39.041575306970216, 86.4190534593671, 86.4190534593671, 86.4190534593671, 86.4190534593671, 86.4190534593671, 86.4190534593671, 86.4190534593671] Mean: [-1.2570119635158705, 4.150536901645399, 9.956745941731382, 16.201186582866253, 17.333574178342925, 20.71358184905893, 20.694760701199744, 23.746242708826674, 21.012177093420732, 24.779313733357768, 28.375493355588105, 38.76707451297306]
01-10 23:57 Max: [21.747726571953372, 39.2731522524128, 39.2731522524128, 47.938543081071984, 47.938543081071984, 47.938543081071984, 65.54166171665521, 65.54166171665521, 83.88296575233355, 83.88296575233355, 83.88296575233355, 83.88296575233355, 83.88296575233355, 85.73490903049438, 85.73490903049438, 85.73490903049438] Mean: [-2.189420769461457, 6.091050596891641, 12.534206592335547, 18.41197344482304, 21.314965676080774, 25.551290270629682, 27.848060076545607, 29.110888712827485, 28.81422843164885, 35.64742166312191, 33.28573097991327, 35.06940103426187, 39.64789301043698, 55.14791213656626, 80.24737392210328, 84.19448036958168]
02-10 00:08 Max: [74.41936086271505, 74.41936086271505, 85.50536664213834, 85.50536664213834, 85.50536664213834, 85.50536664213834, 85.50536664213834, 85.50536664213834, 85.50536664213834] Mean: [0.6186208202231156, 8.372467389871785, 16.40057445415797, 20.091990242740824, 23.63807959638807, 26.276481036904773, 31.243529066058795, 42.68024725715477, 53.56766688653612]
02-10 00:22 Max: [30.263427702520808, 38.5292004962174, 56.34198895412925, 56.34198895412925, 57.028738160209535, 57.028738160209535, 57.028738160209535, 57.028738160209535, 57.028738160209535, 57.028738160209535, 57.028738160209535] Mean: [-2.2991478699202696, 3.4212397646454535, 10.41386718076255, 15.751473708009168, 19.261945945982298, 26.185410307440947, 30.969523224929436, 36.6743181283672, 42.387660704389624, 41.97529337847217, 37.54043355632442]
02-10 00:53 Max: [30.575049982518596, 30.62010264645954, 30.681880006155783, 65.44180219718773, 65.44180219718773, 65.44180219718773, 65.44180219718773, 65.44180219718773, 65.44180219718773, 84.19745983353184, 84.19745983353184, 84.55244209372171, 84.19745983353184, 84.19745983353184, 64.87150405431996, 64.87150405431996] Mean: [0.17298267521315466, 6.2177317785364155, 14.059656961852502, 18.60176084614941, 21.191748477671194, 22.37554522456111, 23.72295338533971, 25.984940494378403, 28.758712609730964, 33.372720990124506, 42.527601071975084, 62.52930887910789, 65.26372615133289, 65.26372615133289, 64.87150405431998, 64.87150405431998]
02-10 01:06 Max: [21.982720163185075, 30.55326262833369, 30.60183729848225, 30.648141866523932, 30.648141866523932, 30.648141866523932, 30.648141866523932, 30.648141866523932, 30.706695175275506, 30.711732969305466, 30.711732969305466, 30.711732969305466, 30.711732969305466, 30.711732969305466, 30.711732969305466, 30.711732969305466] Mean: [-1.0768606712641342, 5.117277544296382, 9.392223790201195, 13.823847070476143, 16.683007006418258, 21.89835855975602, 25.156256178021366, 26.68795193691814, 29.466336544688932, 30.621527881740466, 30.64142707440127, 30.670817489866295, 30.70628443135205, 30.711732969305466, 30.711732969305466, 30.711732969305466]
02-10 01:14 Max: [21.747726571953372, 30.54041448585584, 30.701682633451963, 30.701682633451963, 30.701682633451963, 30.701682633451963, 30.701682633451963, 30.701682633451963, 30.701682633451963] Mean: [-0.836836591410999, 5.3705705310891965, 15.157596033801836, 19.34041471884021, 23.031457636510826, 24.81610112692943, 25.96854992673796, 26.506438800656817, 27.671779175557273]
02-10 01:36 Max: [65.21441235499208, 65.32677961290973, 83.36143496520866, 87.21535096954639, 87.2427039285026, 87.2427039285026, 87.2427039285026, 87.2427039285026, 87.2427039285026, 87.2427039285026, 87.2427039285026] Mean: [0.4357187536319957, 8.14936910253809, 15.360475009647587, 23.90960475899193, 31.408188461366876, 42.869797175604, 59.2996734257508, 74.74530973890413, 81.92065106862584, 85.3630029257688, 86.62582253779175]
02-10 01:44 Max: [74.21102825700783, 74.21102825700783, 74.21102825700783, 74.21102825700783, 74.21102825700783, 74.21102825700783, 74.21102825700783] Mean: [0.033102678192983355, 8.883063827005115, 16.548467764089654, 19.912246545126482, 23.414002536313134, 26.352153714070056, 27.836019536596364]
