02-10 00:18 Max: [91.77237888630937, 91.77237888630937, 92.5001335721758, 92.52482618476617, 92.58272016318507, 92.58272016318507, 92.58272016318507, 92.71859563501553, 93.12700044143625, 93.12700044143625, 93.12700044143625, 93.12700044143625, 93.12700044143625, 93.12700044143625, 93.12700044143625] Mean: [9.709393667044898, 28.886850807577254, 55.469088512679434, 69.80073345010372, 78.58851242301456, 84.75216661900497, 84.88996500285981, 89.62771740573562, 90.63350774208975, 91.1997460551073, 91.72164447325467, 91.8876645860025, 92.13147283655499, 92.17908631189967, 91.86516696658606]
02-10 00:58 Max: [87.93740496697303, 91.77237888630937, 92.5001335721758, 93.12700044143625, 93.12700044143625, 93.72700044143625, 93.72700044143625, 93.72700044143625, 94.18936470590374, 94.18936470590374, 94.18936470590374, 94.18936470590374, 94.18936470590374, 94.18936470590374, 94.18936470590374] Mean: [4.44104421469608, 27.497199896426896, 49.60262173904663, 64.39043030827119, 71.80404201412533, 84.00052744931503, 87.93487116016674, 86.49296272624913, 86.32278398432113, 91.27521688905782, 92.3207125178913, 92.97588092961487, 93.13647130183752, 93.32973165198868, 93.38898187490072]
02-10 01:33 Max: [91.77237888630937, 91.97237888630936, 92.24704041507837, 92.93193985886488, 92.93193985886488, 92.93193985886488, 92.93193985886488, 92.93193985886488, 92.93193985886488, 92.93193985886488] Mean: [10.607773822555908, 32.27815669383789, 63.18604250731483, 74.60167701120369, 81.61750670437895, 88.30760623868633, 91.33542702807745, 91.8992873567886, 91.96749870362744, 92.045587843622]
02-10 02:19 Max: [91.77237888630937, 91.77237888630937, 92.52700044143626, 92.53703951986405, 92.53703951986405, 92.92700044143626, 92.92700044143626, 93.13193985886487, 93.13193985886487, 93.13193985886487, 93.13193985886487, 93.13193985886487, 93.13193985886487, 93.13193985886487] Mean: [11.359653824616998, 35.168497036999845, 68.23686002148025, 85.06573048877246, 90.78804995194993, 91.4087338666143, 91.77754338612823, 91.81594005926671, 92.02818341464446, 91.99021255872529, 91.77537309290463, 91.98891050875447, 92.00474189747473, 92.19297824256404]
02-10 03:09 Max: [92.00150296873417, 92.58272016318507, 92.58272016318507, 93.78936470590374, 93.78936470590374, 93.78936470590374, 93.78936470590374, 93.78936470590374, 94.27010128507693, 94.27010128507693, 94.27010128507693, 94.58936470590373, 94.58936470590373, 94.58936470590373, 94.58936470590373, 94.67603602059674] Mean: [11.752253006167566, 38.60388374940532, 63.363983257520346, 82.9373177207156, 88.39091368407452, 90.11341632397333, 90.4681651233718, 90.97211165120096, 91.74119676522561, 92.1947738845009, 92.3458975707228, 92.64189317088253, 92.80419070232684, 92.91881731257892, 93.02155884621963, 93.084308681009]
02-10 03:55 Max: [91.77237888630937, 91.77237888630937, 91.97237888630936, 92.77065437104557, 92.77065437104557, 93.72700044143625, 93.72700044143625, 93.7959933129232, 93.7959933129232, 93.7959933129232, 93.7959933129232, 93.7959933129232, 93.7959933129232, 93.7959933129232] Mean: [14.513065472733366, 39.607154800485816, 63.433923873656255, 79.61913756403541, 89.7460984271799, 91.44425916798095, 91.88382226268632, 91.96106312704244, 92.05197296658417, 92.14554985462524, 92.1540556058663, 92.20329256826655, 92.28513644185405, 92.32921673384925]
02-10 04:35 Max: [91.77237888630937, 92.71859563501553, 92.71859563501553, 92.77611947915372, 92.77611947915372, 93.72700044143625, 93.72700044143625, 93.72700044143625, 93.72700044143625, 93.72700044143625, 93.72700044143625, 93.72700044143625] Mean: [8.346886577789883, 28.93188706234083, 53.92971750429637, 73.13670374161758, 84.6040074864668, 91.21833696487158, 91.46449255965425, 91.4671467114403, 90.07052937699092, 91.3900129670052, 91.38800239412467, 91.3877750630625]
02-10 05:10 Max: [89.98272016318508, 92.5001335721758, 92.5001335721758, 92.71859563501553, 93.72700044143625, 93.72700044143625, 93.72700044143625, 93.72700044143625, 93.72700044143625, 93.72700044143625, 93.72700044143625] Mean: [7.874597511544406, 28.167319882433194, 51.68965520875322, 70.8191525865232, 86.26310047009844, 89.53158932654516, 90.62721654821353, 91.30753750286922, 91.55081245480802, 92.04164396390017, 92.35738662500175]
02-10 05:36 Max: [87.72700044143625, 92.77065437104557, 92.77065437104557, 92.77065437104557, 92.77065437104557, 92.77065437104557, 92.77065437104557, 92.77065437104557] Mean: [10.04109419589442, 34.41810032184001, 64.12011044342181, 80.33597117056968, 86.72645202075961, 89.7120396904022, 90.71406199333123, 91.20926829236807]
02-10 06:26 Max: [92.24704041507837, 92.24704041507837, 92.24704041507837, 92.53703951986405, 92.57237888630937, 93.06246192029869, 93.06246192029869, 93.06246192029869, 93.06246192029869, 93.06246192029869, 93.38936470590374, 93.38936470590374, 93.38936470590374, 93.72700044143625, 93.72700044143625, 93.95014399275047] Mean: [10.383298971299254, 32.734745623076876, 50.4527461167756, 66.73947159575918, 77.70372012578089, 84.42547584507116, 84.04583038005974, 89.33960923993958, 90.31524099432605, 90.39862200549359, 91.44134190984471, 91.5264614954613, 91.68947537179453, 91.94675634453556, 92.1900490896995, 92.41851077230302]
02-10 12:56 Max: [85.28855887687, 87.03679627126203, 87.03679627126203, 87.03679627126203, 87.03679627126203, 90.8506543710456, 91.65425332628682, 91.71425332628682, 91.71425332628682, 91.71425332628682, 91.71425332628682, 91.71425332628682, 91.77425332628682, 91.77425332628682, 91.77425332628682, 91.77425332628682] Mean: [11.131962770064918, 30.941726156696962, 49.0929418382272, 57.345829179483225, 63.78684536022054, 66.1426336454172, 69.21943834274902, 76.69596238210775, 82.36970874269569, 85.30075668075473, 86.50972423740393, 88.32952443974467, 88.57391885949293, 89.01572767751354, 89.17556704926261, 89.55807670224307]
02-10 13:46 Max: [66.63402398497814, 75.1828888400368, 75.1828888400368, 84.29788162462296, 84.45288973525115, 85.86667673282852, 86.07288973525115, 91.26010264645957, 91.26010264645957, 91.26010264645957, 91.38010264645958, 91.50472159231586, 91.57173230259882, 91.65425332628682, 91.65425332628682, 91.69669509194095] Mean: [2.4303591362916745, 16.173540001097944, 32.99835317420591, 49.943106034813916, 55.77809115021495, 65.83376599057063, 74.010284486306, 77.82547470357456, 80.54378353865393, 82.93583082682431, 84.49430673301562, 86.20452929789559, 87.31019163537876, 88.18873168488886, 89.32352423386872, 90.4391144276212]
02-10 14:09 Max: [91.4587078342906, 91.4587078342906, 91.4587078342906, 91.4587078342906, 91.4587078342906, 91.4587078342906, 91.4587078342906] Mean: [5.692908361713609, 15.900704711930674, 36.790596751106605, 52.597755670329526, 61.7079927091848, 69.11019521108614, 73.28181619907151]
02-10 15:08 Max: [66.62472159231584, 91.32936197187237, 91.32936197187237, 91.32936197187237, 91.46814186652396, 91.46814186652396, 91.46814186652396, 91.65425332628682, 91.71425332628682, 91.71425332628682, 91.71425332628682, 91.77425332628682, 91.77425332628682, 91.77425332628682, 91.77425332628682, 91.77425332628682] Mean: [7.5709889408098885, 29.187952331824903, 46.48834568186197, 60.51576353306379, 69.92848384927042, 74.09947974399701, 80.5838291197625, 84.15554604442525, 85.0712425672639, 85.87432490039686, 86.88533870925475, 88.10370332273897, 90.05306336568363, 90.55526897525291, 90.9082644246189, 91.18035584763861]
04-10 11:09 Max: [-4.5732203870902755, -4.5732203870902755, -4.5732203870902755] Mean: [-4.845607099753515, -4.845607099753515, -4.845607099753515]
