
[1, 2, 3, 4, 5, 6, 7, 8]
BEST fitness: 38.82263898747104
Enemylife: -0.49509756796392423
Playerlife: -7.543283460995411


[1, 2, 3, 4, 5, 6, 7, 8]
BEST fitness: 43.15893080853911
Enemylife: 1.9913810180884859
Playerlife: -11.632736441835213


[1, 2, 3, 4, 5, 6, 7, 8]
BEST fitness: 44.55192077502806
Enemylife: -1.900323971815169
Playerlife: -6.983555392008217


[1, 2, 3, 4, 5, 6, 7, 8]
BEST fitness: 34.358702704640436
Enemylife: -0.6735691739616136
Playerlife: -11.53762934801004


[1, 2, 3, 4, 5, 6, 7, 8]
BEST fitness: 38.40797130984932
Enemylife: -6.547375096555626
Playerlife: -6.28242594707768


[1, 2, 3, 4, 5, 6, 7, 8]
BEST fitness: 38.382862119729964
Enemylife: 4.181552367277963
Playerlife: -9.065170055425014


[1, 2, 3, 4, 5, 6, 7, 8]
BEST fitness: 36.70043113620776
Enemylife: -3.284271247461902
Playerlife: -8.824142373392394


[1, 2, 3, 4, 5, 6, 7, 8]
BEST fitness: 27.20197272738722
Enemylife: -3.9116499156263416
Playerlife: -11.901748198318202


[1, 2, 3, 4, 5, 6, 7, 8]
BEST fitness: 48.97381170004532
Enemylife: 0.6350832689629158
Playerlife: -4.014170308711462


[1, 2, 3, 4, 5, 6, 7, 8]
BEST fitness: 21.319082442362582
Enemylife: 10.0
Playerlife: -5.476184419240007

