
[1, 2, 3, 4, 5, 6, 7, 8]
BEST fitness: 27.38108560478942
Enemylife: 4.62204950567239
Playerlife: -9.001860924429767


[1, 2, 3, 4, 5, 6, 7, 8]
BEST fitness: 27.844919683266223
Enemylife: 2.189110867544649
Playerlife: -7.86348043300146


[1, 2, 3, 4, 5, 6, 7, 8]
BEST fitness: 25.96044247747121
Enemylife: 7.993363611356713
Playerlife: -11.350141509056153


[1, 2, 3, 4, 5, 6, 7, 8]
BEST fitness: 36.60881388972683
Enemylife: -0.646793489187516
Playerlife: -11.088895259168957


[1, 2, 3, 4, 5, 6, 7, 8]
BEST fitness: 28.13834481772336
Enemylife: 5.493363611356713
Playerlife: -8.50332229580261


[1, 2, 3, 4, 5, 6, 7, 8]
BEST fitness: 32.1330568508515
Enemylife: 4.586588740373074
Playerlife: -7.879210933370258

