
[1, 2, 3, 4, 5, 6, 7, 8]
BEST fitness: 26.8861006715749
Enemylife: 9.353206510812484
Playerlife: -12.20536136373839


[1, 2, 3, 4, 5, 6, 7, 8]
BEST fitness: 29.99781575409122
Enemylife: 7.799325634966632
Playerlife: -12.425032244178183


[1, 2, 3, 4, 5, 6, 7, 8]
BEST fitness: 33.20244060243157
Enemylife: 8.13301413797759
Playerlife: -11.191108915239283


[1, 2, 3, 4, 5, 6, 7, 8]
BEST fitness: 26.2034244651667
Enemylife: 0.5821366629907381
Playerlife: -9.888072276454643


[1, 2, 3, 4, 5, 6, 7, 8]
BEST fitness: 34.16996417216944
Enemylife: -1.113807855648993
Playerlife: -4.949598924746493

