02-10 01:57 Max: [48.88677961290972, 75.82677961290973, 75.82677961290973, 75.82677961290973, 85.15829930534797, 85.15829930534797, 85.15829930534797, 87.17434493240549, 87.17434493240549, 87.28331342916569, 87.28331342916569, 87.28331342916569, 87.28331342916569, 87.28331342916569, 87.28331342916569, 87.28331342916569] Mean: [1.3005547185181872, 9.00607271497389, 13.794063407723803, 19.14978466572784, 21.95169975645836, 23.923950134897733, 24.812361526744986, 29.6844299975909, 33.93893438412652, 34.156146329940235, 36.73146216690336, 38.662459605168934, 41.827981644851576, 39.99157822550219, 44.843536759596326, 46.896734425556595]
02-10 03:15 Max: [57.028738160209535, 65.05784329430053, 65.05784329430053, 90.66985754988488, 90.66985754988488, 90.66985754988488, 90.66985754988488, 90.66985754988488, 90.66985754988488, 90.66985754988488] Mean: [0.016571308617587377, 6.671865025431266, 13.746654962234443, 17.844665281151208, 20.90214257173404, 25.35848658484048, 27.636198218265815, 29.421552190779224, 34.54152240986268, 45.017967901002194]
02-10 04:19 Max: [21.79051384715858, 21.79051384715858, 30.706695175275506, 30.706695175275506, 39.27641489804762, 48.09463815194543, 48.09463815194543, 48.09463815194543, 48.09463815194543, 48.09463815194543, 48.09463815194543, 48.09463815194543] Mean: [-1.6605501855616287, 3.9336715426443867, 9.42167151752704, 16.092095719427334, 18.96605813861837, 21.153507061668186, 22.755835613385003, 23.927963992822278, 24.219688304393813, 25.03681720429196, 25.567975235546555, 27.257895917315363]
02-10 05:03 Max: [84.60468715666028, 84.60468715666028, 84.60468715666028, 84.60468715666028, 84.60468715666028, 84.60468715666028, 84.60468715666028] Mean: [-0.7467906578834334, 6.9105104653324245, 13.178166194292476, 18.912308834970982, 24.82330912007473, 29.041328033365385, 32.687246729266114]
02-10 06:58 Max: [29.309157722581435, 55.731776978840436, 55.731776978840436, 55.731776978840436, 55.731776978840436, 55.731776978840436, 74.31289139213348, 74.60808288660739, 74.60808288660739, 83.77933632855174, 83.89930280461527, 83.89930280461527, 87.73948064039381, 87.73948064039381, 87.96889853106327, 87.96889853106327] Mean: [-1.3720890253011007, 7.610112773332703, 13.348333976725753, 17.960975814564208, 22.033037739274217, 23.369005098700637, 26.066319830151606, 27.63628423126733, 26.910624341896035, 29.213962695941674, 30.353810017724175, 31.660245186586632, 35.283639969050924, 40.03389102933719, 40.940186443484265, 40.93436852719411]
02-10 10:28 Max: [47.65787858127885, 47.65787858127885, 56.9862848439572, 56.9862848439572, 56.9862848439572, 74.38259702202552, 74.38259702202552, 74.38259702202552, 74.38259702202552, 74.38259702202552, 74.38259702202552, 86.92735835882793, 86.92735835882793, 86.92735835882793, 86.92735835882793, 86.92735835882793] Mean: [-1.1516569426206704, 4.44245347315724, 12.11713483388585, 16.412965600111374, 18.56488259179593, 23.405011861451577, 24.93568438760695, 26.38553127398053, 25.80844302278509, 27.53482222445023, 31.165582370117644, 34.57755844570025, 40.654909804697695, 44.728364925462714, 45.948512564074946, 45.22996381129367]
02-10 11:33 Max: [64.73387122044355, 86.91870395408986, 86.91870395408986, 86.91870395408986, 86.91870395408986, 86.91870395408986, 86.91870395408986, 86.91870395408986] Mean: [0.8413889328912652, 8.124989350471507, 16.887092919202278, 21.885277972557333, 23.064499221315668, 23.338260435284965, 24.513451775583285, 29.40776275714648]
02-10 14:46 Max: [39.38322890233343, 48.033853260876306, 65.20205958702508, 65.20205958702508, 86.52848788350387, 86.52848788350387, 87.69102825700786, 88.33711936420812, 88.33711936420812, 88.87124045250836, 88.87124045250836, 89.11006880621146, 89.11241347317072, 89.11241347317072, 89.65124045250836, 89.65124045250836] Mean: [0.43182014169454236, 10.371728493910526, 18.01069511294665, 24.022545822181026, 30.152980854657102, 35.719713809148296, 38.540315796349105, 40.08548574648517, 45.53371634268367, 51.452024537170736, 61.25007380976597, 73.83639372516473, 76.35430595818167, 77.92915329462645, 82.87488845243588, 84.04867560523847]
02-10 18:01 Max: [47.79342407327507, 48.062463794917576, 56.719604161039804, 56.719604161039804, 65.67564103761869, 65.67564103761869, 65.67564103761869, 65.67564103761869, 65.67564103761869, 74.25476365051564, 85.86931661435766, 85.86931661435766, 85.86931661435766, 87.4115067883514, 87.4115067883514, 87.4115067883514] Mean: [0.5323534872765208, 10.68587998729448, 16.442803905265645, 19.312686122154002, 21.169484679631697, 26.44773255995701, 29.26025884786782, 30.680879352362634, 35.11205706479283, 35.19709777452655, 39.17367999897761, 43.13151915373559, 47.07148739369443, 50.580623217891436, 53.82475827604431, 56.905582961036224]
02-10 22:53 Max: [21.758252984940356, 39.23167900420623, 39.23167900420623, 48.07307397402959, 48.07307397402959, 48.07307397402959, 48.07307397402959, 48.12506926914797, 48.12506926914797, 48.12506926914797, 48.12506926914797, 65.85153170408235, 65.85153170408235, 65.85153170408235, 65.85153170408235, 65.85153170408235] Mean: [-0.308443059409174, 6.229646059838692, 10.073708256166794, 15.528070606113376, 19.297653140203998, 22.103610834162215, 22.935286348104395, 24.192424664391886, 25.173169921348332, 25.27794186710547, 26.16841150025791, 27.494465561812618, 28.990620787434988, 31.70180309216283, 36.421084930816676, 41.34165585265454]
