-8.119675181758827520e-01
-9.006523397540646680e-01
-1.383967761722351142e-01
2.010954631558346251e-01
-1.518744390849580683e-01
1.447138523369602137e-01
3.125745511984981406e-01
1.346521836038662434e-02
-5.896687867914947034e-01
-1.000000000000000000e+00
9.110114393874436667e-01
1.684265095890835340e-01
-6.103032176937653874e-01
-7.499351188419351999e-01
-5.093105163265178037e-01
-6.497337452481030673e-02
-1.070095793463635842e-01
7.322862551060299596e-02
6.951757200175365803e-01
1.238875960773488938e-02
-4.884877059492568341e-01
2.974249746857395293e-01
5.237048023884312009e-01
-5.780553425944585655e-01
-5.318812653096316456e-01
4.928039499010515301e-01
-9.139725323988199257e-01
4.611097872287105159e-03
6.440507667412908033e-01
-5.740123035084909731e-02
9.890749186134570325e-02
4.055570057317559041e-01
2.805517081559341097e-01
-7.061492300837182157e-01
5.235143907951519404e-01
7.365057955063176731e-01
2.598185885363658576e-01
1.223201834373384839e-01
6.114446354165603559e-02
-5.699888603877562021e-01
-4.415865394030971114e-01
7.615017392727793655e-02
4.289575484021685425e-01
1.000000000000000000e+00
1.146882192035536541e-02
-1.000000000000000000e+00
-8.591348847197041172e-01
-4.643252945019962219e-01
1.240932020472838709e-01
5.407689784727887083e-01
5.035129733299540389e-01
-2.990913537549914070e-01
-1.344874510490381703e-01
-5.436926995247178818e-01
7.156097540930839163e-01
-1.998446480362567335e-02
5.897007654953888567e-01
7.602844711304552749e-01
3.473581620834018113e-01
4.179727201037241047e-01
-5.638308342892517366e-01
1.133662641579809144e-01
-2.874766438806535263e-01
-2.467522960480472149e-01
-4.465424982267970355e-01
3.249635533657138087e-01
4.011742575284940604e-01
-4.454064539291762159e-01
8.285134895863479620e-01
8.074908366240340918e-01
4.575871229240382476e-01
7.107609527956626483e-01
-2.460788032712925288e-01
8.055954006110819243e-01
1.403588393531798040e-01
1.416897301152695576e-01
4.983071948565755416e-01
2.728294117091221160e-01
-1.221926542033417579e-01
-8.356177455430513490e-01
-1.000000000000000000e+00
-4.232498211399479127e-01
-3.389260727627111391e-01
-3.615810224770435455e-02
6.544267263085444541e-02
4.078398869681846839e-01
-2.995744922732741788e-02
-1.884791112799419077e-01
-2.056504641075340006e-02
-8.294504008524014038e-01
5.573915027997387028e-01
-3.129120067658021365e-02
-7.819793263060246247e-01
-5.206522254546898099e-01
-6.740857632998020765e-02
-7.222212198116277904e-01
2.250780500165782683e-01
-8.931096211740280344e-02
7.736539022972890312e-01
5.501349696475409390e-01
2.803490577628076075e-01
-6.801793867138908878e-01
-4.939686166410598434e-01
1.000000000000000000e+00
5.937220349677292397e-01
-7.531347988418579664e-02
8.181022332983095557e-01
7.087446441529274832e-01
-1.000000000000000000e+00
3.921152491653721039e-01
1.000000000000000000e+00
1.000000000000000000e+00
2.296776603935629657e-01
2.388678953820911333e-01
-6.126325033652303409e-01
9.772585193669519610e-02
-4.445017952798807626e-01
-1.000000000000000000e+00
-5.750502413408743463e-01
-7.311598426506557002e-01
-5.404974949891026004e-01
6.583992905726984146e-01
-3.158674865190759518e-02
-1.143517003590732856e-01
-4.458139907799857915e-01
3.207119051642908780e-01
7.168559116614190430e-01
-4.146993581363659365e-01
-3.946597831933382761e-01
-5.496908694117070837e-01
1.000000000000000000e+00
1.000000000000000000e+00
8.346514420108620824e-02
5.859194721467320122e-01
2.612880703571274776e-01
-1.812261189668175621e-01
2.046809553733137388e-01
1.091782650749828637e-01
4.252584878221378206e-01
-6.908087763118991864e-01
5.839268165228227447e-01
1.868562123857415713e-01
-5.319222463635542297e-01
1.764109851410111673e-02
6.073496356333710766e-01
-4.650419889882385638e-01
5.543844373787808477e-01
-2.508801957422761020e-01
1.000000000000000000e+00
-8.507857482173480923e-01
-5.160918240069004570e-01
-1.419434956452310104e-01
3.693928197241156397e-01
-1.000000000000000000e+00
-4.803049629984986191e-01
-5.601229271948852118e-01
6.632323468289064161e-01
-3.055924739613744556e-01
7.356779858385198434e-01
7.630127563445341377e-01
-5.299976520818048265e-01
-7.368914984835456261e-01
1.000000000000000000e+00
3.030152786307818147e-01
3.254485374657175578e-01
2.513086473561509382e-01
5.879673537691708640e-01
-5.296726130846356462e-01
1.102260964302837765e-01
2.273760080868332534e-02
-8.529374260652040629e-01
-8.082386116442439317e-01
-5.656533710070792420e-01
-7.872985628076420994e-01
3.553673393809141934e-01
-7.767842187563836487e-03
1.000000000000000000e+00
5.385437079987395181e-01
-3.561757692823928623e-01
4.945616112049010527e-01
5.533934243456531954e-01
-6.085968250563674742e-01
2.225265821379916464e-01
-1.000000000000000000e+00
-2.516857834651625714e-01
1.000000000000000000e+00
-4.918547879189449912e-01
-8.843838825488375965e-02
-5.275004546479385992e-01
-2.900503037749407875e-01
-2.195134425495550157e-01
5.182364545310172987e-01
-3.947161864769815898e-02
1.152212773650641009e-01
-5.314229613121388418e-01
-7.238663923895061192e-01
-7.805564300797667165e-01
-2.988612082811529236e-01
4.245634928173959155e-01
1.131493702604234736e-01
3.746323917810776005e-02
-2.184298093570675170e-01
2.481268457153508744e-01
2.552020105240636605e-01
-6.531273247875519772e-01
5.878593673192114011e-01
4.655114787687072431e-01
5.977221097637478442e-01
-1.000000000000000000e+00
3.016037817032950485e-01
-4.482912387458302117e-01
-9.473838556252333065e-01
4.483578679665119193e-02
1.173091812543437112e-02
2.878201228133038247e-01
-7.695028700855061077e-01
3.381629397971812612e-01
-5.293055723601054474e-01
8.610945915812063811e-01
-6.375547362679256924e-03
8.654094714865125937e-01
-5.283905364451757514e-02
1.227175748702254848e-01
4.494662469072061017e-01
1.799082675989081004e-01
-6.391824158292711555e-01
-1.000000000000000000e+00
-8.114950191796210799e-02
-1.000000000000000000e+00
-4.827480136686289058e-01
-5.256951104809903796e-01
-6.752476631541095564e-01
-6.534550667197280838e-02
6.985157398619639135e-01
4.490468981701669082e-01
-1.000000000000000000e+00
-6.569573657739485872e-01
-4.264043999082939851e-01
-7.229409050187001196e-01
9.002187820277588459e-01
4.604138447227750786e-01
5.393939288952435962e-02
1.608584448400567635e-01
-2.463832389285277868e-01
4.537709358055316278e-01
-7.384871804849373333e-01
5.543970467670707170e-02
2.449686391947039077e-01
7.803304389504542860e-01
5.474428728448523795e-01
-8.460055878585486244e-01
-8.718633014021047734e-01
5.607130709826436687e-01
5.969917568434226496e-01
4.143468371201246558e-01
-2.823740616034693396e-01
-1.000000000000000000e+00
-5.286462867571557478e-01
-1.000000000000000000e+00
-4.117067407480882180e-01
7.883683938751254727e-01
4.559896581767270973e-01
2.353283170143140035e-01
2.065002545771455478e-01
7.658924419104895520e-02
